%YAML:1.0
---
camera_matrix: !!opencv-matrix
   rows: 3
   cols: 3
   dt: d
   data: [ 8.3907918383273557e+02, 0., 2.6800630947993284e+02, 0.,
       8.3629121737520904e+02, 1.4748564185247696e+02, 0., 0., 1. ]
dist_coeff: !!opencv-matrix
   rows: 1
   cols: 5
   dt: d
   data: [ 1.2209686621887261e-01, -2.3592332900381557e-01,
       -3.4722956108309652e-02, -1.2971893873855792e-02,
       9.6956328743775314e-02 ]
