[Calibration]
calibration_offset_x = 0.6510872495559789
calibration_offset_y = -1.049909496714123
calibration_offset_z = 0.4745207271173235
distance_offset = -0.03

