[Calibration]
calibration_offset_x = 2.1231443429915693
calibration_offset_y = 0.593504582389368
calibration_offset_z = 0.8946674815128668
distance_offset = -0.03

