[Calibration]
calibration_offset_x = 2.2079292061138704
calibration_offset_y = 0.46011833600368524
calibration_offset_z = 1.0057490678660748

