[Calibration]
calibration_offset_x = 0.21347914532854445
calibration_offset_y = -0.7244673339764697
calibration_offset_z = 0.024324148682126404
distance_offset = 0.24000000000000007

